120
0
145
125
104
0
0
0
109
0
102
0
0
117
159
125
0
0
0
0
0
0
120
84
0
0
97
0
0
121
103
0
0
0
0
99
0
0
0
110
0
0
158
122
104
138
0
0
114
0
0
104
0
122
133
0
116
0
123
0
0
57
52
51
59
0
54
57
0
0
0
0
0
0
49
0
54
57
55
0
51
58
51
49
54
55
50
54
0
54
108
100
102
128
186
0
0
0
108
0
169
124
112
0
0
0
158
0
0
0
138
102
128
112
96
0
108
124
0
123
0
0
0
0
0
0
0
138
0
137
0
127
0
113
0
105
0
0
98
0
0
0
0
109
0
0
95
139
95
0
0
58
0
57
57
53
0
51
0
57
0
52
54
55
0
54
0
52
53
0
58
55
58
52
57
53
54
50
50
57
118
0
0
0
0
135
0
132
0
0
120
0
141
123
102
119
0
132
0
168
0
129
0
122
115
106
119
99
133
0
0
0
0
0
0
0
0
120
0
146
104
100
0
0
120
0
0
95
0
0
0
129
131
0
104
115
0
136
0
0
0
52
56
60
56
56
0
54
54
0
0
56
53
0
54
55
57
54
54
59
56
0
54
51
55
53
56
49
52
56
0
0
0
0
112
0
112
103
0
104
0
134
129
0
0
0
0
0
0
0
0
0
0
0
135
0
130
117
0
112
113
126
0
150
0
0
103
0
0
0
0
117
115
0
0
0
0
0
0
162
132
0
0
0
0
0
0
0
0
92
54
64
0
0
0
0
51
0
58
54
53
0
57
0
0
56
51
0
51
58
56
52
55
55
55
51
50
53
54
56
