26, 29
(1, 1) -> (1, 2)
(1, 2) -> (1, 3)
(1, 3) -> (2, 3)
(1, 3) -> (1, 4)
(2, 3) -> (2, 4)
(2, 3) -> (2, 2)
(1, 4) -> (1, 5)
(2, 4) -> (2, 5)
(2, 2) -> (2, 1)
(1, 5) -> (1, 6)
(2, 5) -> (2, 6)
(1, 6) -> (1, 7)
(2, 6) -> (2, 7)
(1, 7) -> (1, 8)
(2, 7) -> (2, 8)
(1, 8) -> (1, 9)
(2, 8) -> (2, 9)
(1, 9) -> (1, 10)
(2, 9) -> (2, 10)
0000000000000000000000000000000
0111111111100000000000000000000
0111111111100000000000000000000
0000000000000000000000000000000
0000000000000000000000000000000
0000000000000000000000000000000
0000000000000000000000000000000
0000000000000000000000000000000
0000000000000000000000000000000
0000000000000000000000000000000
0000000000000000000000000000000
0000000000000000000000000000000
0000000000000000000000000000000
0000000000000000000000000000000
0000000000000000000000000000000
0000000000000000000000000000000
0000000000000000000000000000000
0000000000000000000000000000000
0000000000000000000000000000000
0000000000000000000000000000000
0000000000000000000000000000000
0000000000000000000000000000000
0000000000000000000000000000000
0000000000000000000000000000000
0000000000000000000000000000000
0000000000000000000000000000000
0000000000000000000000000000000
0000000000000000000000000000000
0
27, 27
(1, 1) -> (1, 2)
(1, 2) -> (1, 3)
(1, 3) -> (1, 4)
(1, 4) -> (1, 5)
(1, 5) -> (1, 6)
(1, 6) -> (2, 6)
(1, 6) -> (1, 7)
(2, 6) -> (2, 7)
(2, 6) -> (2, 5)
(1, 7) -> (1, 8)
(2, 7) -> (3, 7)
(2, 7) -> (2, 8)
(2, 5) -> (3, 5)
(2, 5) -> (2, 4)
(1, 8) -> (1, 9)
(3, 7) -> (3, 8)
(3, 7) -> (3, 6)
(2, 8) -> (2, 9)
(3, 5) -> (3, 4)
(2, 4) -> (2, 3)
(1, 9) -> (1, 10)
(3, 8) -> (3, 9)
(2, 9) -> (2, 10)
(3, 4) -> (4, 4)
(3, 4) -> (3, 3)
(2, 3) -> (2, 2)
(3, 9) -> (3, 10)
(4, 4) -> (4, 3)
(3, 3) -> (3, 2)
(2, 2) -> (2, 1)
(3, 10) -> (4, 10)
(4, 3) -> (4, 2)
(3, 2) -> (3, 1)
(4, 10) -> (4, 9)
(4, 2) -> (4, 1)
(4, 9) -> (4, 8)
(4, 8) -> (5, 8)
(4, 8) -> (4, 7)
(5, 8) -> (5, 9)
(5, 8) -> (5, 7)
(4, 7) -> (4, 6)
(5, 9) -> (5, 10)
(5, 7) -> (5, 6)
(4, 6) -> (4, 5)
(5, 6) -> (5, 5)
(5, 5) -> (5, 4)
(5, 4) -> (6, 4)
(5, 4) -> (5, 3)
(6, 4) -> (6, 5)
(6, 4) -> (6, 3)
(5, 3) -> (5, 2)
(6, 5) -> (6, 6)
(6, 3) -> (6, 2)
(5, 2) -> (5, 1)
(6, 6) -> (6, 7)
(6, 2) -> (6, 1)
(6, 7) -> (6, 8)
(6, 8) -> (6, 9)
(6, 9) -> (6, 10)
00000000000000000000000000000
01111111111000000000000000000
01111111111000000000000000000
01111111111000000000000000000
01111111111000000000000000000
01111111111000000000000000000
01111111111000000000000000000
00000000000000000000000000000
00000000000000000000000000000
00000000000000000000000000000
00000000000000000000000000000
00000000000000000000000000000
00000000000000000000000000000
00000000000000000000000000000
00000000000000000000000000000
00000000000000000000000000000
00000000000000000000000000000
00000000000000000000000000000
00000000000000000000000000000
00000000000000000000000000000
00000000000000000000000000000
00000000000000000000000000000
00000000000000000000000000000
00000000000000000000000000000
00000000000000000000000000000
00000000000000000000000000000
00000000000000000000000000000
00000000000000000000000000000
00000000000000000000000000000
0
30, 28
(1, 1) -> (1, 2)
(1, 2) -> (1, 3)
(1, 3) -> (1, 4)
(1, 4) -> (2, 4)
(1, 4) -> (1, 5)
(2, 4) -> (3, 4)
(2, 4) -> (2, 5)
(2, 4) -> (2, 3)
(1, 5) -> (1, 6)
(3, 4) -> (3, 5)
(3, 4) -> (3, 3)
(2, 5) -> (2, 6)
(2, 3) -> (2, 2)
(1, 6) -> (1, 7)
(3, 5) -> (3, 6)
(2, 6) -> (2, 7)
(2, 2) -> (2, 1)
(1, 7) -> (1, 8)
(3, 6) -> (3, 7)
(2, 7) -> (2, 8)
(2, 1) -> (3, 1)
(1, 8) -> (1, 9)
(3, 7) -> (3, 8)
(2, 8) -> (2, 9)
(3, 1) -> (3, 2)
(1, 9) -> (1, 10)
(3, 8) -> (4, 8)
(3, 8) -> (3, 9)
(2, 9) -> (2, 10)
(4, 8) -> (4, 9)
(4, 8) -> (4, 7)
(3, 9) -> (3, 10)
(4, 9) -> (4, 10)
(4, 7) -> (4, 6)
(4, 10) -> (5, 10)
(4, 6) -> (4, 5)
(5, 10) -> (5, 9)
(4, 5) -> (4, 4)
(4, 4) -> (4, 3)
(4, 3) -> (4, 2)
(4, 2) -> (4, 1)
000000000000000000000000000000
011111111110000000000000000000
011111111110000000000000000000
011111111110000000000000000000
011111111110000000000000000000
000000000110000000000000000000
000000000000000000000000000000
000000000000000000000000000000
000000000000000000000000000000
000000000000000000000000000000
000000000000000000000000000000
000000000000000000000000000000
000000000000000000000000000000
000000000000000000000000000000
000000000000000000000000000000
000000000000000000000000000000
000000000000000000000000000000
000000000000000000000000000000
000000000000000000000000000000
000000000000000000000000000000
000000000000000000000000000000
000000000000000000000000000000
000000000000000000000000000000
000000000000000000000000000000
000000000000000000000000000000
000000000000000000000000000000
000000000000000000000000000000
000000000000000000000000000000
000000000000000000000000000000
000000000000000000000000000000
000000000000000000000000000000
000000000000000000000000000000
0
30, 30
(1, 1) -> (1, 2)
(1, 2) -> (1, 3)
(1, 3) -> (1, 4)
(1, 4) -> (1, 5)
(1, 5) -> (1, 6)
(1, 6) -> (1, 7)
(1, 7) -> (1, 8)
(1, 8) -> (2, 8)
(1, 8) -> (1, 9)
(2, 8) -> (2, 9)
(2, 8) -> (2, 7)
(1, 9) -> (1, 10)
(2, 9) -> (2, 10)
(2, 7) -> (3, 7)
(2, 7) -> (2, 6)
(3, 7) -> (3, 8)
(3, 7) -> (3, 6)
(2, 6) -> (2, 5)
(3, 8) -> (3, 9)
(3, 6) -> (3, 5)
(2, 5) -> (2, 4)
(3, 9) -> (3, 10)
(3, 5) -> (3, 4)
(2, 4) -> (2, 3)
(3, 10) -> (4, 10)
(3, 4) -> (3, 3)
(4, 10) -> (4, 9)
(3, 3) -> (3, 2)
(4, 9) -> (4, 8)
(3, 2) -> (3, 1)
(4, 8) -> (4, 7)
(4, 7) -> (5, 7)
(4, 7) -> (4, 6)
(5, 7) -> (5, 8)
(5, 7) -> (5, 6)
(4, 6) -> (4, 5)
(5, 8) -> (5, 9)
(5, 6) -> (5, 5)
(4, 5) -> (4, 4)
(5, 9) -> (5, 10)
(5, 5) -> (5, 4)
(4, 4) -> (4, 3)
(5, 10) -> (6, 10)
(5, 4) -> (5, 3)
(4, 3) -> (4, 2)
(6, 10) -> (6, 9)
(5, 3) -> (5, 2)
(4, 2) -> (4, 1)
(6, 9) -> (7, 9)
(6, 9) -> (6, 8)
(5, 2) -> (6, 2)
(5, 2) -> (5, 1)
(7, 9) -> (7, 10)
(7, 9) -> (7, 8)
(6, 8) -> (6, 7)
(6, 2) -> (6, 3)
(6, 2) -> (6, 1)
(7, 8) -> (7, 7)
(6, 7) -> (6, 6)
(6, 3) -> (6, 4)
(7, 7) -> (7, 6)
(6, 6) -> (6, 5)
(6, 4) -> (7, 4)
(7, 6) -> (7, 5)
(7, 4) -> (7, 3)
(7, 3) -> (8, 3)
(7, 3) -> (7, 2)
(8, 3) -> (8, 4)
(8, 3) -> (8, 2)
(7, 2) -> (7, 1)
(8, 4) -> (9, 4)
(8, 4) -> (8, 5)
(8, 2) -> (8, 1)
(9, 4) -> (9, 3)
(8, 5) -> (9, 5)
(8, 5) -> (8, 6)
(9, 3) -> (9, 2)
(9, 5) -> (9, 6)
(8, 6) -> (8, 7)
(9, 2) -> (9, 1)
(9, 6) -> (9, 7)
(8, 7) -> (8, 8)
(9, 7) -> (9, 8)
(8, 8) -> (8, 9)
(9, 8) -> (9, 9)
(8, 9) -> (8, 10)
(9, 9) -> (9, 10)
00000000000000000000000000000000
01111111111000000000000000000000
00011111111000000000000000000000
01111111111000000000000000000000
01111111111000000000000000000000
01111111111000000000000000000000
01111111111000000000000000000000
01111111111000000000000000000000
01111111111000000000000000000000
01111111111000000000000000000000
00000000000000000000000000000000
00000000000000000000000000000000
00000000000000000000000000000000
00000000000000000000000000000000
00000000000000000000000000000000
00000000000000000000000000000000
00000000000000000000000000000000
00000000000000000000000000000000
00000000000000000000000000000000
00000000000000000000000000000000
00000000000000000000000000000000
00000000000000000000000000000000
00000000000000000000000000000000
00000000000000000000000000000000
00000000000000000000000000000000
00000000000000000000000000000000
00000000000000000000000000000000
00000000000000000000000000000000
00000000000000000000000000000000
00000000000000000000000000000000
00000000000000000000000000000000
00000000000000000000000000000000
0
27, 28
(1, 1) -> (2, 1)
(1, 1) -> (1, 2)
(2, 1) -> (2, 2)
(1, 2) -> (1, 3)
(2, 2) -> (2, 3)
(1, 3) -> (1, 4)
(2, 3) -> (2, 4)
(1, 4) -> (1, 5)
(2, 4) -> (2, 5)
(1, 5) -> (1, 6)
(2, 5) -> (2, 6)
(1, 6) -> (1, 7)
(2, 6) -> (2, 7)
(1, 7) -> (1, 8)
(2, 7) -> (2, 8)
(1, 8) -> (1, 9)
(2, 8) -> (3, 8)
(2, 8) -> (2, 9)
(1, 9) -> (1, 10)
(3, 8) -> (3, 9)
(3, 8) -> (3, 7)
(2, 9) -> (2, 10)
(3, 9) -> (3, 10)
(3, 7) -> (3, 6)
(3, 6) -> (3, 5)
(3, 5) -> (3, 4)
(3, 4) -> (3, 3)
(3, 3) -> (3, 2)
(3, 2) -> (3, 1)
000000000000000000000000000000
011111111110000000000000000000
011111111110000000000000000000
011111111110000000000000000000
000000000000000000000000000000
000000000000000000000000000000
000000000000000000000000000000
000000000000000000000000000000
000000000000000000000000000000
000000000000000000000000000000
000000000000000000000000000000
000000000000000000000000000000
000000000000000000000000000000
000000000000000000000000000000
000000000000000000000000000000
000000000000000000000000000000
000000000000000000000000000000
000000000000000000000000000000
000000000000000000000000000000
000000000000000000000000000000
000000000000000000000000000000
000000000000000000000000000000
000000000000000000000000000000
000000000000000000000000000000
000000000000000000000000000000
000000000000000000000000000000
000000000000000000000000000000
000000000000000000000000000000
000000000000000000000000000000
0
26, 30
(1, 1) -> (1, 2)
00000000000000000000000000000000
01100000000000000000000000000000
00000000000000000000000000000000
00000000000000000000000000000000
00000000000000000000000000000000
00000000000000000000000000000000
00000000000000000000000000000000
00000000000000000000000000000000
00000000000000000000000000000000
00000000000000000000000000000000
00000000000000000000000000000000
00000000000000000000000000000000
00000000000000000000000000000000
00000000000000000000000000000000
00000000000000000000000000000000
00000000000000000000000000000000
00000000000000000000000000000000
00000000000000000000000000000000
00000000000000000000000000000000
00000000000000000000000000000000
00000000000000000000000000000000
00000000000000000000000000000000
00000000000000000000000000000000
00000000000000000000000000000000
00000000000000000000000000000000
00000000000000000000000000000000
00000000000000000000000000000000
00000000000000000000000000000000
0
26, 27
(1, 1) -> (1, 2)
(1, 2) -> (1, 3)
(1, 3) -> (1, 4)
(1, 4) -> (1, 5)
(1, 5) -> (2, 5)
(1, 5) -> (1, 6)
(2, 5) -> (2, 4)
(1, 6) -> (1, 7)
(2, 4) -> (2, 3)
(1, 7) -> (1, 8)
(2, 3) -> (2, 2)
(1, 8) -> (2, 8)
(1, 8) -> (1, 9)
(2, 2) -> (2, 1)
(2, 8) -> (2, 9)
(2, 8) -> (2, 7)
(1, 9) -> (1, 10)
(2, 9) -> (2, 10)
(2, 7) -> (2, 6)
00000000000000000000000000000
01111111111000000000000000000
01111111111000000000000000000
00000000000000000000000000000
00000000000000000000000000000
00000000000000000000000000000
00000000000000000000000000000
00000000000000000000000000000
00000000000000000000000000000
00000000000000000000000000000
00000000000000000000000000000
00000000000000000000000000000
00000000000000000000000000000
00000000000000000000000000000
00000000000000000000000000000
00000000000000000000000000000
00000000000000000000000000000
00000000000000000000000000000
00000000000000000000000000000
00000000000000000000000000000
00000000000000000000000000000
00000000000000000000000000000
00000000000000000000000000000
00000000000000000000000000000
00000000000000000000000000000
00000000000000000000000000000
00000000000000000000000000000
00000000000000000000000000000
0
28, 25
(1, 1) -> (1, 2)
(1, 2) -> (1, 3)
(1, 3) -> (2, 3)
(1, 3) -> (1, 4)
(2, 3) -> (2, 4)
(2, 3) -> (2, 2)
(1, 4) -> (1, 5)
(2, 4) -> (2, 5)
(2, 2) -> (2, 1)
(1, 5) -> (1, 6)
(2, 5) -> (3, 5)
(2, 5) -> (2, 6)
(1, 6) -> (1, 7)
(3, 5) -> (3, 6)
(3, 5) -> (3, 4)
(2, 6) -> (2, 7)
(1, 7) -> (1, 8)
(3, 6) -> (3, 7)
(3, 4) -> (3, 3)
(2, 7) -> (2, 8)
(1, 8) -> (1, 9)
(3, 7) -> (3, 8)
(3, 3) -> (3, 2)
(2, 8) -> (2, 9)
(1, 9) -> (1, 10)
(3, 8) -> (3, 9)
(3, 2) -> (3, 1)
(2, 9) -> (2, 10)
(3, 9) -> (3, 10)
000000000000000000000000000
011111111110000000000000000
011111111110000000000000000
011111111110000000000000000
000000000000000000000000000
000000000000000000000000000
000000000000000000000000000
000000000000000000000000000
000000000000000000000000000
000000000000000000000000000
000000000000000000000000000
000000000000000000000000000
000000000000000000000000000
000000000000000000000000000
000000000000000000000000000
000000000000000000000000000
000000000000000000000000000
000000000000000000000000000
000000000000000000000000000
000000000000000000000000000
000000000000000000000000000
000000000000000000000000000
000000000000000000000000000
000000000000000000000000000
000000000000000000000000000
000000000000000000000000000
000000000000000000000000000
000000000000000000000000000
000000000000000000000000000
000000000000000000000000000
0
28, 30
(1, 1) -> (1, 2)
(1, 2) -> (2, 2)
(1, 2) -> (1, 3)
(2, 2) -> (2, 3)
(2, 2) -> (2, 1)
(1, 3) -> (1, 4)
(2, 3) -> (2, 4)
(1, 4) -> (1, 5)
(2, 4) -> (2, 5)
(1, 5) -> (1, 6)
(2, 5) -> (2, 6)
(1, 6) -> (1, 7)
(2, 6) -> (2, 7)
(1, 7) -> (1, 8)
(2, 7) -> (2, 8)
(1, 8) -> (1, 9)
(2, 8) -> (2, 9)
(1, 9) -> (1, 10)
(2, 9) -> (2, 10)
00000000000000000000000000000000
01111111111000000000000000000000
01111111111000000000000000000000
00000000000000000000000000000000
00000000000000000000000000000000
00000000000000000000000000000000
00000000000000000000000000000000
00000000000000000000000000000000
00000000000000000000000000000000
00000000000000000000000000000000
00000000000000000000000000000000
00000000000000000000000000000000
00000000000000000000000000000000
00000000000000000000000000000000
00000000000000000000000000000000
00000000000000000000000000000000
00000000000000000000000000000000
00000000000000000000000000000000
00000000000000000000000000000000
00000000000000000000000000000000
00000000000000000000000000000000
00000000000000000000000000000000
00000000000000000000000000000000
00000000000000000000000000000000
00000000000000000000000000000000
00000000000000000000000000000000
00000000000000000000000000000000
00000000000000000000000000000000
00000000000000000000000000000000
00000000000000000000000000000000
0
30, 29
(1, 1) -> (2, 1)
(1, 1) -> (1, 2)
(2, 1) -> (2, 2)
(1, 2) -> (1, 3)
(2, 2) -> (2, 3)
(1, 3) -> (1, 4)
(2, 3) -> (2, 4)
(1, 4) -> (1, 5)
(2, 4) -> (2, 5)
(1, 5) -> (1, 6)
(2, 5) -> (2, 6)
(1, 6) -> (1, 7)
(1, 7) -> (1, 8)
(1, 8) -> (1, 9)
(1, 9) -> (1, 10)
0000000000000000000000000000000
0111111111100000000000000000000
0111111000000000000000000000000
0000000000000000000000000000000
0000000000000000000000000000000
0000000000000000000000000000000
0000000000000000000000000000000
0000000000000000000000000000000
0000000000000000000000000000000
0000000000000000000000000000000
0000000000000000000000000000000
0000000000000000000000000000000
0000000000000000000000000000000
0000000000000000000000000000000
0000000000000000000000000000000
0000000000000000000000000000000
0000000000000000000000000000000
0000000000000000000000000000000
0000000000000000000000000000000
0000000000000000000000000000000
0000000000000000000000000000000
0000000000000000000000000000000
0000000000000000000000000000000
0000000000000000000000000000000
0000000000000000000000000000000
0000000000000000000000000000000
0000000000000000000000000000000
0000000000000000000000000000000
0000000000000000000000000000000
0000000000000000000000000000000
0000000000000000000000000000000
0000000000000000000000000000000
0
26, 29
(1, 1) -> (1, 2)
(1, 2) -> (1, 3)
(1, 3) -> (2, 3)
(1, 3) -> (1, 4)
(2, 3) -> (3, 3)
(2, 3) -> (2, 4)
(2, 3) -> (2, 2)
(1, 4) -> (1, 5)
(3, 3) -> (3, 4)
(3, 3) -> (3, 2)
(2, 4) -> (2, 5)
(2, 2) -> (2, 1)
(1, 5) -> (1, 6)
(3, 4) -> (3, 5)
(3, 2) -> (3, 1)
(2, 5) -> (2, 6)
(1, 6) -> (1, 7)
(3, 5) -> (3, 6)
(3, 1) -> (4, 1)
(2, 6) -> (2, 7)
(1, 7) -> (1, 8)
(3, 6) -> (3, 7)
(4, 1) -> (4, 2)
(2, 7) -> (2, 8)
(1, 8) -> (1, 9)
(3, 7) -> (3, 8)
(4, 2) -> (4, 3)
(2, 8) -> (2, 9)
(1, 9) -> (1, 10)
(3, 8) -> (3, 9)
(4, 3) -> (4, 4)
(2, 9) -> (2, 10)
(3, 9) -> (3, 10)
(4, 4) -> (4, 5)
(4, 5) -> (4, 6)
(4, 6) -> (4, 7)
(4, 7) -> (4, 8)
(4, 8) -> (4, 9)
(4, 9) -> (4, 10)
0000000000000000000000000000000
0111111111100000000000000000000
0111111111100000000000000000000
0111111111100000000000000000000
0111111111100000000000000000000
0000000000000000000000000000000
0000000000000000000000000000000
0000000000000000000000000000000
0000000000000000000000000000000
0000000000000000000000000000000
0000000000000000000000000000000
0000000000000000000000000000000
0000000000000000000000000000000
0000000000000000000000000000000
0000000000000000000000000000000
0000000000000000000000000000000
0000000000000000000000000000000
0000000000000000000000000000000
0000000000000000000000000000000
0000000000000000000000000000000
0000000000000000000000000000000
0000000000000000000000000000000
0000000000000000000000000000000
0000000000000000000000000000000
0000000000000000000000000000000
0000000000000000000000000000000
0000000000000000000000000000000
0000000000000000000000000000000
0
28, 25
(1, 1) -> (1, 2)
(1, 2) -> (1, 3)
(1, 3) -> (2, 3)
(1, 3) -> (1, 4)
(2, 3) -> (2, 4)
(2, 3) -> (2, 2)
(1, 4) -> (1, 5)
(2, 4) -> (2, 5)
(2, 2) -> (2, 1)
(1, 5) -> (1, 6)
(2, 5) -> (2, 6)
(2, 6) -> (2, 7)
(2, 7) -> (2, 8)
(2, 8) -> (2, 9)
(2, 9) -> (2, 10)
000000000000000000000000000
011111100000000000000000000
011111111110000000000000000
000000000000000000000000000
000000000000000000000000000
000000000000000000000000000
000000000000000000000000000
000000000000000000000000000
000000000000000000000000000
000000000000000000000000000
000000000000000000000000000
000000000000000000000000000
000000000000000000000000000
000000000000000000000000000
000000000000000000000000000
000000000000000000000000000
000000000000000000000000000
000000000000000000000000000
000000000000000000000000000
000000000000000000000000000
000000000000000000000000000
000000000000000000000000000
000000000000000000000000000
000000000000000000000000000
000000000000000000000000000
000000000000000000000000000
000000000000000000000000000
000000000000000000000000000
000000000000000000000000000
000000000000000000000000000
0
28, 28
(1, 1) -> (1, 2)
000000000000000000000000000000
011000000000000000000000000000
000000000000000000000000000000
000000000000000000000000000000
000000000000000000000000000000
000000000000000000000000000000
000000000000000000000000000000
000000000000000000000000000000
000000000000000000000000000000
000000000000000000000000000000
000000000000000000000000000000
000000000000000000000000000000
000000000000000000000000000000
000000000000000000000000000000
000000000000000000000000000000
000000000000000000000000000000
000000000000000000000000000000
000000000000000000000000000000
000000000000000000000000000000
000000000000000000000000000000
000000000000000000000000000000
000000000000000000000000000000
000000000000000000000000000000
000000000000000000000000000000
000000000000000000000000000000
000000000000000000000000000000
000000000000000000000000000000
000000000000000000000000000000
000000000000000000000000000000
000000000000000000000000000000
0
