4 44 9 376
0 40 0 04:47:33
2 3 1 08:01:08
3 31 1 08:14:04
2 0 0 03:01:32
0 35 0 05:01:03
3 2 1 07:46:09
0 6 0 04:39:51
1 14 1 00:21:21
2 30 1 05:09:31
0 19 1 05:24:50
1 30 0 06:30:05
0 34 1 04:44:59
0 10 0 06:26:00
2 2 0 09:18:18
3 21 0 09:51:17
2 13 0 02:12:03
2 9 1 07:16:33
0 1 0 08:45:23
2 32 0 06:08:31
2 20 0 01:03:20
1 42 1 09:02:02
0 11 0 01:29:05
1 30 1 04:46:10
1 32 0 01:26:02
3 11 0 03:45:08
1 22 1 05:05:04
3 1 1 01:41:32
3 13 1 01:53:32
2 35 1 09:35:22
3 12 1 02:36:09
1 0 1 03:30:57
2 37 0 01:19:32
0 13 1 02:43:39
1 8 0 06:11:20
1 9 0 07:11:51
2 36 0 09:36:17
2 34 0 01:46:35
0 5 1 02:57:49
1 30 0 00:50:46
0 24 0 01:48:57
2 31 1 05:38:52
0 4 1 05:50:01
0 28 1 04:35:00
0 40 0 04:32:03
2 24 1 06:42:38
3 3 1 01:17:04
1 16 0 03:12:41
1 34 1 03:01:17
1 30 1 01:41:14
1 37 0 00:07:32
1 13 1 06:46:36
3 18 0 02:45:43
3 36 0 04:41:22
2 40 1 01:04:38
2 39 0 02:09:08
1 33 0 01:48:43
0 6 1 08:43:57
3 42 1 08:00:06
0 11 1 01:48:19
1 1 0 04:28:42
3 11 1 02:41:00
2 4 0 07:25:56
3 16 1 06:13:10
1 13 1 07:20:16
3 3 1 08:24:07
2 32 0 09:09:49
0 8 0 04:31:48
3 42 1 03:58:27
0 11 0 09:10:24
3 26 1 01:49:19
2 6 1 01:49:24
1 33 1 00:24:08
1 3 1 03:00:47
3 20 1 07:37:14
3 9 1 00:10:11
2 38 0 07:19:55
3 9 1 09:25:27
2 31 1 09:37:08
2 6 1 00:52:36
2 28 1 09:07:54
1 0 0 05:51:10
1 32 1 00:50:01
0 39 1 04:58:04
3 15 0 04:25:06
0 10 0 02:23:46
2 0 1 00:03:18
1 25 0 02:38:34
0 22 0 08:06:58
1 25 0 02:28:00
1 7 0 06:35:28
3 7 1 04:50:27
0 8 1 04:48:39
1 14 0 08:15:03
0 16 1 05:42:25
2 40 0 06:20:13
3 29 0 00:22:39
2 24 0 03:46:03
1 25 0 01:46:33
1 41 0 04:30:19
0 21 0 04:30:44
2 18 0 08:05:15
2 31 0 03:13:28
0 10 1 04:45:24
1 17 0 07:21:07
2 20 0 05:07:50
1 40 0 08:37:13
0 4 0 07:14:26
1 32 1 05:32:37
2 20 1 06:52:30
2 7 0 09:33:35
3 19 1 06:41:11
1 34 1 04:20:22
0 9 0 06:21:50
1 37 1 06:11:02
3 32 1 09:08:59
3 24 1 08:47:45
0 34 1 01:31:41
2 18 0 02:04:28
0 5 0 09:14:36
3 15 1 04:52:10
3 9 1 05:08:33
1 24 0 08:33:58
0 38 0 05:30:34
0 14 1 01:28:06
1 4 0 07:25:25
1 31 0 09:18:08
0 38 0 05:27:13
0 0 0 03:48:01
3 23 0 06:11:40
2 0 0 07:24:32
2 26 0 02:43:44
2 12 1 04:10:11
0 4 1 05:05:56
2 40 0 05:32:41
2 15 0 06:45:03
2 24 1 06:46:39
1 39 0 03:27:07
2 25 1 09:31:53
1 31 1 08:19:30
0 4 0 06:58:16
0 2 1 03:15:19
2 26 1 00:39:54
3 30 0 04:46:13
2 2 0 02:55:05
2 18 0 04:22:58
0 34 0 07:17:00
3 18 1 07:20:36
2 4 1 04:50:03
1 25 0 08:29:58
2 25 0 07:56:08
2 29 1 09:56:41
2 42 0 08:36:30
2 11 0 03:00:45
1 32 0 04:37:09
2 10 1 02:31:02
3 0 1 00:03:53
0 18 1 05:21:51
3 24 1 07:37:51
1 10 1 00:42:12
0 26 1 09:24:19
2 18 1 00:40:03
0 31 1 02:37:20
1 13 1 07:51:45
2 37 1 02:45:08
0 37 0 04:47:31
1 36 0 08:40:39
3 42 0 03:04:06
0 18 0 03:18:49
0 33 0 01:30:52
1 19 0 03:18:04
1 13 0 04:59:36
2 19 1 05:11:39
1 26 0 00:21:19
1 43 1 06:27:53
2 10 1 07:19:09
3 29 0 09:18:00
1 39 0 05:29:43
0 40 0 09:32:15
2 40 0 01:47:39
3 1 0 09:57:15
1 14 0 01:39:04
1 34 1 05:50:46
2 17 0 02:08:07
2 16 1 09:07:48
3 22 0 01:22:46
1 13 0 07:37:41
1 37 1 08:17:51
0 19 1 01:41:51
2 4 0 04:11:00
2 0 0 05:56:50
3 22 1 08:30:34
2 24 1 07:06:48
2 43 0 01:05:28
1 23 1 06:55:12
0 12 0 02:37:22
0 8 1 02:38:48
3 28 0 06:59:05
2 3 1 06:22:12
2 31 1 09:20:59
0 30 1 04:17:00
1 37 1 09:09:00
3 32 0 03:43:30
3 12 0 06:33:40
0 20 1 02:09:42
0 14 0 02:29:44
0 18 1 01:38:24
0 27 0 05:12:51
3 5 1 07:18:14
1 21 0 03:37:50
1 36 1 06:16:16
3 18 0 01:45:58
2 6 0 02:15:00
3 34 1 06:36:11
1 5 1 06:30:46
0 14 0 09:47:09
2 1 0 06:26:05
0 17 1 07:58:59
2 8 0 05:11:30
3 9 1 07:19:53
1 25 1 04:59:02
0 37 0 09:01:23
0 27 0 08:36:49
1 5 1 01:27:28
0 31 1 06:41:32
1 0 1 00:01:48
0 26 1 02:06:35
2 6 1 01:30:17
3 30 1 06:05:32
1 36 0 01:45:26
0 22 0 02:46:03
0 42 1 05:16:47
3 21 1 05:42:58
1 31 0 07:27:25
2 0 0 06:44:46
1 2 1 02:20:50
0 41 1 09:51:21
1 42 0 03:31:12
2 13 1 06:02:38
3 40 1 06:29:06
2 12 0 02:45:49
2 35 1 06:40:41
1 40 0 06:35:07
1 33 1 08:06:56
2 28 0 01:45:24
0 33 1 05:47:15
1 23 0 05:16:28
1 29 0 01:54:07
1 35 0 08:00:52
2 21 0 01:53:07
3 29 0 02:15:45
1 28 1 09:35:11
3 4 0 05:07:56
0 0 1 05:59:21
2 19 1 05:26:09
2 26 0 09:28:22
0 28 0 02:58:41
2 34 0 01:18:18
0 23 0 02:50:02
0 17 0 08:31:36
1 6 1 00:50:36
1 11 1 03:31:48
3 7 1 05:17:14
1 31 0 01:25:47
1 40 0 00:40:48
2 40 0 02:03:35
0 39 1 03:19:21
3 35 0 08:17:25
0 30 1 08:07:20
2 19 0 03:49:43
0 0 1 00:00:01
1 42 1 05:57:17
2 6 0 02:54:10
0 7 1 01:00:27
2 24 1 08:07:39
3 22 1 07:33:20
1 10 1 04:48:42
1 3 0 03:44:10
2 18 1 08:31:09
2 14 0 08:58:04
3 35 1 05:43:16
2 32 0 00:46:59
2 29 0 04:56:25
2 23 1 03:37:51
3 9 1 05:52:00
2 25 1 00:04:30
2 26 1 02:22:21
0 31 0 05:39:45
0 20 1 03:19:04
0 36 1 03:12:27
1 2 0 05:35:28
2 18 0 01:58:05
3 38 1 08:13:17
1 17 0 09:21:45
1 35 0 05:45:01
0 16 0 09:59:21
2 36 0 04:53:58
0 6 0 05:22:39
3 2 1 06:15:46
3 27 0 05:32:09
1 27 1 02:14:51
3 4 0 00:56:32
0 1 0 08:01:16
1 14 0 00:36:23
0 31 0 02:23:30
1 41 1 02:51:15
0 19 1 01:19:08
2 43 0 08:18:27
1 42 0 08:09:50
2 10 0 03:55:35
1 36 1 06:48:09
2 21 0 00:29:35
2 1 1 03:02:24
3 9 0 08:02:06
0 41 1 07:50:32
2 19 0 02:20:00
1 9 1 00:37:59
3 0 1 06:47:09
0 12 1 06:11:52
3 4 0 02:03:50
3 17 0 07:16:03
0 20 0 06:17:29
0 16 1 07:48:49
1 18 1 09:25:29
0 16 1 03:25:13
3 42 1 00:05:16
2 0 0 04:00:34
0 26 0 03:38:13
1 13 1 02:19:50
3 39 1 08:55:24
0 23 0 03:08:58
2 35 0 05:17:56
0 35 1 08:33:15
3 24 0 06:49:57
0 7 1 06:59:10
3 36 1 03:55:21
3 32 1 03:16:41
1 20 1 01:02:57
0 27 0 02:18:15
0 26 0 05:20:50
1 29 1 00:11:09
1 22 0 07:32:19
3 2 1 07:19:17
3 10 0 00:06:34
1 9 1 08:11:14
1 6 1 01:02:58
2 2 1 07:35:59
3 19 1 06:15:10
1 24 0 09:32:30
1 10 0 01:04:57
1 2 1 05:46:45
0 3 1 09:37:58
1 43 0 03:22:35
2 41 0 04:48:20
0 23 1 00:54:18
0 7 0 09:21:57
3 41 1 06:12:33
2 33 1 05:24:39
1 11 1 01:12:57
0 39 1 05:44:14
2 34 1 08:54:56
3 30 0 01:16:52
0 6 1 01:05:41
0 6 0 08:01:02
1 31 1 00:59:32
0 12 1 01:13:29
1 26 0 04:54:25
0 41 0 01:12:10
3 31 1 08:11:33
0 14 1 03:02:38
1 29 0 09:59:16
0 28 1 09:45:22
1 32 0 03:10:17
1 35 0 04:59:19
2 38 1 04:08:42
0 21 0 03:18:06
3 33 1 05:03:48
0 0 0 0
