20
2 5
0.600000 0.600000
1 20
1.000000
3 4
1.000000 0.900000 0.100000
3 10
0.152142 0.819291 0.042994
1 4
0.999998
2 3
1.000000 0.999998
2 7
0.180165 0.987531
2 7
0.838298 0.084678
3 10
0.999851 0.148328 0.909851
3 100
0.339797 0.697205 0.069235
3 4
0.999999 0.999999 0.488776
3 5
0.277036 0.604349 0.040061
1 3
0.000002
3 10
0.905267 0.810211 0.170991
3 17
0.119617 0.748015 0.838764
3 42
0.999998 0.999999 1.000000
2 4
0.000003 0.000005
3 42
0.000009 0.000005 0.000002
2 5
0.121262 0.614811
2 60
0.702499 0.472814
