100
3 1 5 15 13 11
3 0 8 23 22 21
1 0 2 13
3 2 5 12 12 12
2 2 0 23 9
1 0 0 3
2 1 8 20 20
3 0 5 11 14 4
3 3 10 18 4 8
1 0 6 14
1 1 3 14
1 0 4 8
3 0 8 16 1 17
1 0 8 21
3 3 10 19 25 13
3 0 7 18 14 18
2 0 3 10 5
3 1 0 13 22 2
3 0 5 12 18 24
3 3 3 20 13 6
3 2 4 9 5 22
3 0 0 0 0 0
3 3 9 26 5 8
1 0 5 20
1 1 3 2
1 0 6 13
2 1 6 7 14
2 0 2 4 2
3 3 2 9 2 16
2 0 2 28 3
2 0 6 7 15
2 1 8 15 9
1 1 2 19
1 0 6 14
2 0 2 3 26
2 1 9 22 21
3 1 5 11 4 12
2 0 5 11 11
3 2 1 20 0 3
3 0 10 26 0 27
3 1 9 1 24 23
3 0 5 11 11 12
3 0 2 26 26 8
2 0 9 23 17
1 0 6 15
1 0 8 21
3 0 5 9 12 11
1 0 5 11
3 0 6 15 14 15
1 0 7 11
1 0 0 0
1 0 1 0
3 1 4 23 5 1
3 1 8 2 21 2
1 1 4 17
1 0 7 17
2 0 2 2 3
2 0 10 26 1
2 2 3 27 8
2 2 4 24 26
2 2 6 26 12
1 0 10 16
3 0 8 20 13 10
2 0 10 30 30
1 0 7 15
2 1 5 27 4
3 3 4 6 20 8
3 0 5 4 11 23
3 0 7 24 24 3
1 1 5 12
2 2 7 18 24
2 2 6 9 16
1 0 4 14
1 0 1 12
1 0 9 23
2 1 3 5 5
3 0 2 8 27 4
1 0 8 21
3 0 2 9 5 15
2 0 2 26 3
1 1 1 5
2 2 7 9 13
1 0 0 30
1 0 6 1
2 2 10 5 25
2 0 7 17 17
1 1 5 24
2 1 2 22 10
3 1 10 26 27 27
2 2 6 22 8
3 1 6 29 0 3
2 1 4 8 9
1 0 9 24
3 3 5 3 9 10
3 2 4 23 11 26
3 3 7 5 11 3
1 0 10 26
2 0 8 26 21
3 1 9 19 21 26
3 1 7 18 10 18
