100
2
0 1
0 2
3
2 2
0 0
4 4
1
1 1
5
0 5
0 1
1 1
4 7
5 6
3
2 3
0 2
4 4
7
5 10
1 10
12 13
5 9
3 9
0 1
0 7
4
6 7
1 4
0 3
2 5
1
0 1
5
1 7
0 1
4 5
4 4
3 5
7
1 1
4 7
4 8
0 4
7 10
7 10
1 7
3
0 1
1 3
3 4
8
6 12
5 7
12 12
1 8
0 4
14 15
2 5
2 8
10
9 9
0 1
5 9
5 9
1 8
9 16
10 15
3 4
7 7
8 9
8
3 3
1 12
8 12
3 5
6 10
8 12
10 14
0 2
4
3 4
6 7
2 4
0 1
6
5 8
4 9
4 10
7 11
0 2
1 2
10
2001 2001
2001 2001
2001 2001
2001 2001
2001 2001
2001 2001
2001 2001
2001 2001
2001 2001
2001 2001
4
2 3
0 3
1 3
5 7
9
5 5
0 2
4 9
11 16
3 10
8 9
14 14
10 17
0 5
4
333 859
287 368
14 262
1126 1397
5
7 7
0 8
1 4
1 4
0 4
3
0 5
0 1
3 3
4
6 6
0 1
3 5
1 2
10
2 9
1 5
3 14
10 14
5 7
11 14
9 10
17 19
0 2
12 18
5
4 7
1 6
1 9
0 1
4 8
2
0 1
2 2
5
0 2
3 4
1 5
6 7
8 9
1
0 0
7
7 8
2 10
0 1
4 8
4 12
0 7
4 10
10
0 4
14 14
4 7
15 19
6 8
1 9
14 16
9 12
9 13
0 0
3
0 5
0 1
0 3
8
6 14
7 14
3 9
5 6
0 3
1 11
1 15
6 6
6
1 5
1 3
6 9
1 3
10 11
5 6
9
0 6
0 5
0 1
0 17
0 6
0 2
0 2
0 5
0 6
5
0 0
5 5
7 8
3 7
1 3
9
3 12
4 5
1 8
10 11
13 14
0 6
9 16
2 7
15 17
8
3 9
3 10
1 5
5 10
0 5
9 9
1 12
7 12
1
583 1978
4
0 1
1 4
2 7
5 7
2
0 3
0 2
1
100 387
7
0 5
0 7
0 1
0 3
0 5
0 13
0 7
6
628 1585
93 286
204 372
483 578
343 791
1078 1392
3
3 3
0 5
1 2
7
2 7
1 4
5 8
0 11
11 13
9 9
2 5
4
0 3
5 6
4 7
1 2
10
6 7
3 11
15 19
4 13
0 11
16 18
1 7
10 17
2 9
4 9
7
9 12
1 4
5 6
0 10
2 7
3 13
8 11
4
5 7
0 4
1 4
2 3
2
0 2
0 3
4
1 6
0 4
4 4
1 2
8
9 15
2 3
10 12
4 4
1 12
0 4
7 9
9 12
5
1 3
0 7
7 7
4 9
0 0
5
2 2
5 6
0 1
8 8
4 6
7
104 358
616 1610
1135 1574
710 1905
539 644
420 923
31 58
5
6 8
3 6
2 9
2 5
0 1
3
1 4
0 0
4 4
7
0 5
5 10
5 12
1 3
0 10
4 12
5 11
1
0 1
3
4 4
1 2
0 2
8
9 13
4 13
1 2
10 13
4 7
0 1
6 12
8 9
4
0 3
4 5
1 2
6 7
3
0 2
3 4
1 5
6
2 8
7 7
2 6
0 2
8 11
2 2
1
0 2
7
0 2
0 2
0 3
0 5
0 13
0 1
0 5
1
21 383
5
7 8
2 6
0 4
1 3
5 9
1
0 2
10
0 5
0 9
0 4
0 19
0 5
0 10
0 1
0 9
0 8
0 4
1
0 1
5
1 6
0 0
0 0
6 8
4 4
2
0 3
0 2
1
0 1
1
0 1
8
9 9
3 9
1 5
2 5
8 13
7 9
11 13
0 3
5
0 5
0 9
0 2
0 1
0 2
6
332 1178
465 637
840 1950
883 1651
528 1255
111 534
4
4 5
3 7
0 1
2 6
8
408 1559
269 751
1267 1276
532 691
468 529
472 1591
594 1937
1239 1426
4
5 5
0 2
1 4
3 3
5
159 931
122 267
608 1474
108 304
5 122
2
0 3
0 1
2
0 1
2 2
5
0 3
0 7
1 8
3 7
3 8
2
29 59
26 142
10
10 13
3 18
0 5
7 8
3 19
8 14
10 15
1 15
1 7
7 10
7
2 12
0 5
2 10
0 7
12 12
2 8
6 8
7
620 1376
1275 1574
259 684
569 1002
7 1930
3 23
802 1077
8
6 12
1 5
5 14
0 2
11 13
0 8
6 9
9 12
9
6 11
1 9
7 7
4 14
15 16
13 15
1 3
0 11
5 10
5
3 4
5 7
1 8
2 6
0 9
3
0 5
0 4
3 3
3
229 458
1309 1341
724 1675
1
0 0
2
0 1
0 3
1
0 1
4
0 0
0 3
4 8
1 4
6
9 9
0 1
1 4
5 7
6 9
2 5
7
0 6
9 10
5 13
3 12
1 2
7 11
4 8
